$ 65 0.0000049999999999999996 242.03481360272136 57 5 50 5e-11
v 96 176 96 112 0 1 80 1.65 1.65 0 0.5
g 96 256 96 304 0 0
r 96 112 192 112 0 47000
r 192 144 336 144 0 150000
w 192 112 192 144 0
w 192 144 192 176 0
w 192 208 192 256 0
a 192 192 336 192 8 11 -11 1000000 1.249975824361314 1.25 100000
O 480 208 544 208 0 0
g 96 176 96 208 0 0
v 96 256 192 256 0 0 40 1.25 0 0 0.5
x 104 54 326 57 4 24 3.3v\sto\s-5\s5v\s1.25vref
r 336 192 384 192 0 330
w 336 144 384 144 0
r 480 208 384 192 0 1000
w 384 144 384 192 0
c 192 144 320 160 0 3.4700000000000006e-9 -1.1675880442418713 0.001
w 320 160 336 192 0
o 8 64 0 x81112 20 0.00009765625 0 1 5 -36
o 0 64 0 x81112 5 0.1 0 2 1 0 0 3 0.025 0
38 10 F1 0 1 2.5 -1 Voltage
38 2 F1 0 40000 60000 -1 Resistance
38 3 F1 0 140000 160000 -1 Feedback\sResistance
38 16 F1 0 1e-9 2e-8 -1 Capacitance
