$ 3 0.000015625 16.817414165184545 50 5 50 5e-11
156 88 272 104 272 1 0
156 152 272 168 272 1 5
w 152 272 144 272 0
w 144 272 144 304 0
w 144 304 152 304 0
w 136 272 136 288 0
w 136 288 152 288 0
156 216 272 232 272 1 5
156 280 272 296 272 1 0
156 344 272 352 272 1 5
156 408 272 424 272 1 5
156 472 272 488 272 1 0
w 200 272 200 288 0
w 200 288 216 288 0
w 264 272 264 288 0
w 264 288 280 288 0
w 328 272 328 288 0
w 328 288 344 288 0
w 392 272 392 288 0
w 392 288 408 288 0
w 456 272 456 288 0
w 456 288 472 288 0
w 216 272 208 272 0
w 208 272 208 304 0
w 208 304 216 304 0
w 280 272 272 272 0
w 272 272 272 304 0
w 272 304 280 304 0
w 344 272 336 272 0
w 336 272 336 304 0
w 336 304 344 304 0
w 408 272 400 272 0
w 400 272 400 304 0
w 400 304 408 304 0
w 472 272 464 272 0
w 464 272 464 304 0
w 464 304 472 304 0
w 144 304 144 336 0
w 208 304 208 336 0
w 144 336 208 336 0
w 208 336 272 336 0
w 272 304 272 336 0
w 272 336 336 336 0
w 336 336 400 336 0
w 400 336 464 336 0
w 464 336 464 304 0
w 400 304 400 336 0
w 336 304 336 336 0
R 88 288 32 288 1 2 500 2.5 2.5 0 0.5
w 88 272 80 272 0
w 80 272 80 304 0
w 80 304 88 304 0
w 80 304 80 336 0
w 80 336 144 336 0
R 80 336 32 336 0 0 40 5 0 0 0.5
w 136 272 136 224 0
w 200 272 200 200 0
w 264 272 264 176 0
w 328 272 328 152 0
w 392 272 392 128 0
w 456 272 456 104 0
w 520 272 520 80 0
M 136 224 80 224 2 2.5
M 200 200 80 200 2 2.5
M 264 176 80 176 2 2.5
M 328 152 80 152 2 2.5
M 392 128 80 128 2 2.5
M 456 104 80 104 2 2.5
M 520 80 80 80 2 2.5
w 464 336 528 336 0
w 528 336 528 304 0
w 520 272 520 288 0
w 520 288 536 288 0
156 536 272 552 272 1 0
w 528 272 528 304 0
w 528 272 536 272 0
w 584 272 584 56 0
w 528 304 536 304 0
M 584 56 80 56 2 2.5
w 584 56 608 56 0
w 328 152 656 152 0
w 456 104 656 104 0
w 520 80 656 80 0
w 608 56 632 56 0
w 632 56 656 56 0
w 200 200 656 200 0
w 264 176 656 176 0
154 912 112 992 112 0 2 5 5
151 992 128 1088 128 0 2 5 5
I 1088 128 1184 128 0 0.5 5
w 1184 128 1232 128 0
w 88 288 88 360 0
w 88 360 992 360 0
S 880 -64 760 -64 0 2 false 0 7
S 864 280 744 280 0 0 false 0 7
w 392 128 656 128 0
w 992 144 992 360 0
w 880 -64 880 24 0
w 864 240 864 128 0
w 864 128 912 128 0
w 864 96 912 96 0
w 864 280 864 240 0
w 880 24 864 96 0
w 656 56 744 -112 0
w 656 80 744 -96 0
w 656 104 744 -80 0
w 656 128 744 -64 0
w 656 152 744 -48 0
w 656 200 760 -16 0
w 744 -48 760 -48 0
w 744 -64 760 -64 0
w 744 -80 760 -80 0
w 744 -96 760 -96 0
w 744 -112 760 -112 0
w 656 176 760 -32 0
w 656 200 744 328 0
w 656 176 744 312 0
w 656 152 744 296 0
w 656 128 744 280 0
w 656 104 744 264 0
w 656 80 744 248 0
w 656 56 744 232 0
x 907 70 958 73 4 24 XOR
x 994 86 1060 89 4 24 NAND
x 1110 98 1160 101 4 24 NOT
x -48 252 38 255 4 24 CD4040
o 90 16 0 x81012 5 0.1 0 2 1.25 -95 90 3 0.025 0
38 93 F1 1 0 4 -1 Switch\sGroup
